500
136
27
324
387
434
161
250
373
95
401
349
462
365
318
100
112
21
280
62
36
445
173
370
231
11
363
408
96
144
415
319
189
156
413
265
17
443
86
128
357
400
145
23
298
153
450
151
284
288
139
339
72
213
138
192
456
154
471
49
188
361
194
79
75
44
356
54
427
474
416
484
329
247
113
475
457
435
266
10
160
364
460
383
191
209
430
237
74
439
246
78
158
262
126
403
369
366
172
91
40
472
273
375
226
135
29
486
441
181
82
338
342
343
325
335
190
321
488
46
316
218
429
131
282
185
4
51
166
482
306
279
304
394
178
440
93
232
187
104
214
398
210
225
267
299
327
254
137
71
61
165
333
291
3
345
485
68
297
446
236
272
258
281
229
211
458
322
341
14
405
313
381
391
491
389
419
287
208
469
116
30
244
337
198
358
222
216
500
422
140
455
219
261
13
133
493
404
207
428
81
117
380
53
377
162
271
353
379
9
406
67
24
295
176
88
233
385
130
5
15
16
73
114
120
253
314
234
374
362
255
97
80
417
336
235
257
382
34
127
300
285
498
283
424
12
215
31
414
418
174
164
301
99
39
70
305
204
240
200
25
499
52
152
453
83
275
124
132
470
248
177
205
438
170
182
473
479
340
489
286
87
163
423
59
468
252
111
197
201
432
449
2
84
26
223
118
448
263
64
360
392
92
43
326
110
412
38
437
388
444
89
368
302
411
278
420
245
167
294
238
193
481
1
277
463
56
384
47
451
143
478
155
347
101
98
402
476
125
311
355
147
452
317
221
386
106
492
352
28
107
359
76
168
169
37
171
274
447
48
407
230
7
260
397
293
315
180
175
464
103
142
65
224
90
69
18
350
376
312
480
372
148
289
57
105
351
425
494
442
307
19
399
179
497
66
259
32
45
346
199
141
195
309
490
467
459
332
184
296
409
63
367
264
436
465
122
495
344
256
426
466
134
410
183
119
477
433
496
55
42
50
390
157
60
249
268
6
251
241
123
94
35
20
331
323
395
310
320
243
269
203
146
371
308
483
421
202
239
150
242
378
220
334
276
270
77
115
393
129
186
431
292
212
454
290
58
149
303
8
102
228
22
41
217
206
85
108
159
330
121
487
328
396
33
227
196
354
109
348
461

