1000 34352
70875 93270
61135 43942
48136 60899
45904 48917
47457 82768
2534 42249
88278 44869
21730 23973
22932 81264
12909 10615
10181 53568
74026 96909
54408 56628
20435 26253
78063 76654
49670 32026
72266 50536
72727 42302
4064 85339
51177 24204
73979 38826
36285 87158
62588 37162
46238 76317
6937 17709
88558 22310
33259 11563
9515 53451
88575 76923
54690 29597
78001 2481
71854 97719
99739 79506
82202 44328
86559 43817
15568 96265
85433 16697
52359 35675
76307 73961
25302 88937
10707 14493
82123 38613
10717 77071
72136 24728
94648 90360
18878 65098
45212 41167
40862 51016
54503 30899
24558 14754
51328 82818
84454 71591
79239 27322
21608 60213
99183 51306
79155 50431
37606 41431
39019 65026
14183 28380
43192 58816
90144 1016
93224 94402
39958 56970
2509 44686
56833 68562
11153 42533
9548 28758
68858 48885
47662 21951
56492 85417
19596 70489
68133 42505
98127 55409
60866 15393
21081 72426
93808 98912
61237 42390
85748 54386
58477 86254
71293 76673
7811 1399
2677 10050
95858 19870
50970 14140
96541 61423
62930 67531
93730 68658
53921 50714
26655 30114
42174 23028
37624 77184
15665 12784
32634 3611
24599 60773
88788 45616
68223 84570
47329 18780
95585 8444
26992 36745
22229 11721
98536 11491
8125 83459
31451 5015
49359 30372
72669 26384
29690 54812
25217 11924
19539 13667
14336 62663
67135 91760
63996 21821
95255 68529
31742 65383
77237 44587
54436 46973
23337 80540
60591 78166
13 16501
39652 79952
1541 99067
20979 50553
48289 86820
61931 68358
27017 26786
9364 97324
42638 36996
25541 9158
34961 78738
81173 57662
41353 57633
86605 6761
64514 76216
8811 84162
38099 72648
68191 45697
59158 38169
37029 89156
55189 38914
52217 32490
40680 5055
39463 6535
50490 80611
3445 79880
22889 62131
26788 95708
41819 25304
79950 90293
457 59304
72283 60104
68407 57487
8454 78329
78206 87083
4877 29180
38236 12392
68610 93548
98557 44914
77654 61468
58455 54726
64782 15127
31457 35183
600 36140
82248 84952
41130 64680
9526 16174
47613 96174
78795 22854
3100 1283
91866 4435
84356 54665
29140 74766
94781 75133
41010 33019
41132 92218
54882 52670
50521 89884
29815 55093
70199 30053
80854 2285
46877 53341
46087 13675
24090 82374
41470 32635
10686 16517
98240 72510
92900 79527
83197 15905
28872 97646
40072 27871
95784 55612
88812 53643
35026 28112
69579 42003
29272 58096
15350 94965
73546 17002
98650 42486
38737 40633
85580 48396
25944 7572
73063 12685
60578 126
99499 55646
58672 25479
78459 5753
73500 10266
25564 98253
2854 9083
54279 64905
20839 28058
65719 77566
98824 86980
9599 80212
37694 41091
28572 58393
90659 87915
42805 9157
13723 61862
81370 74910
90494 31815
98229 51262
59291 82090
20128 65631
7835 22220
9143 75792
52649 75138
96928 30581
76998 68340
96926 37221
60208 4514
16012 16846
12924 78132
60365 90819
35661 18774
87483 93064
92593 71435
77838 47877
3648 21131
14374 21102
65964 73796
43312 87362
28568 74146
21016 74141
53403 9829
15123 36382
67818 82070
28201 11225
84973 4022
76475 63120
61359 35690
89441 10514
28012 36097
24473 84554
41555 47373
77121 22345
75232 76194
69409 15980
59898 61169
44156 91302
54024 12790
64183 53798
60878 35672
52465 73174
99310 68831
72587 2042
47827 6917
57387 98743
12893 58713
53942 42265
29449 32650
83835 52925
39003 2877
2776 67179
88741 86183
67713 65449
63719 30128
57114 87308
79700 7109
55394 52416
52369 11867
91322 75771
10442 60903
82357 19461
74933 48570
48530 70585
93820 67161
31281 65877
88150 38030
66361 47732
14001 95065
1972 17535
76582 29837
40720 1508
17824 41917
74188 70107
24159 33950
29521 41058
58299 45052
54962 34986
90150 35387
37113 19745
53867 14035
12103 22134
60297 83699
20318 11738
75205 2780
93122 85478
33166 44028
35249 33435
48044 24308
81568 61421
74056 2802
92828 11808
19980 70219
75546 73198
93330 29279
65281 29087
54517 7580
42190 78564
77194 30821
21433 3102
22004 50707
18920 60684
30789 91090
79734 62149
3622 7383
25342 33556
62672 25450
19947 46124
90277 28910
69615 15180
14226 61089
7531 28052
95544 16935
43118 84188
83181 55707
27405 65047
8035 60386
97898 63748
12249 65631
26102 78688
45944 46640
23394 66974
93888 74597
74340 15362
87322 24736
95770 55259
65739 71760
4831 3359
49133 72020
13693 70385
71125 5994
80129 98342
93874 59893
41386 6451
35380 80822
97472 93737
50398 38739
15441 18948
64129 15571
13017 85997
82791 48732
51830 95727
62724 49183
55563 36505
73570 34749
40750 39397
2956 11897
48162 64036
58882 14466
82015 93602
76761 83490
76755 33587
69314 58256
91013 58684
8127 60095
20163 86427
53827 35446
87112 48816
88222 56999
74263 22253
17843 14942
14996 53282
65141 29930
445 32769
8696 21727
51144 90345
41302 84194
6558 50950
11526 29073
99607 75015
92503 66392
83989 62797
21869 52722
71156 8282
34244 49343
92790 6590
45495 22942
59209 78875
3785 97846
34371 22603
13370 91676
19020 80416
33416 78619
53636 97865
1742 5108
68788 71148
40141 5063
93518 23549
81726 52431
38547 66398
78387 55451
97862 37680
52668 19364
86198 23539
44382 69400
60417 73709
44033 76211
7377 85618
60002 60159
63140 17796
29281 9864
62824 23813
81084 11373
68209 16937
29163 46979
77484 51567
70150 82722
43975 90932
82565 60578
15557 95932
20522 54962
44765 41755
71993 15309
57961 12302
8734 40218
81358 24441
64708 46835
8315 35462
26855 72101
16916 63080
61586 95352
74388 49993
18859 64732
6986 89821
38725 99318
68021 33032
17515 36456
85758 64958
69613 66431
4659 35817
57184 94763
96295 27899
52382 81847
35185 50614
3789 71308
5501 7361
9397 94232
65378 89482
10737 80676
78377 38979
63556 92085
6291 53229
53206 47808
83704 68207
13810 39681
71040 65919
99369 32170
14154 89627
22816 15786
69935 9115
46162 1717
60471 30776
28430 9688
7492 75773
60282 222
8217 24667
10958 75283
90277 11411
96828 70306
79510 27830
4361 89852
29088 31259
80931 43382
96202 5297
45967 81288
23901 54360
72357 72352
95625 71372
15345 59519
60680 81681
95052 31789
67806 24679
25699 94366
1912 68373
5900 66945
49625 67788
37522 34520
20685 78209
41949 7451
83167 52888
75644 93184
94681 95324
70795 43908
77388 90832
6975 13208
11048 84387
34822 24597
79436 99251
11149 17546
38789 42654
60148 98668
9170 17847
47822 70937
20465 28834
26248 27585
26591 70874
28441 31867
35734 43002
10102 38363
18268 12169
73396 85174
15780 12033
25069 24771
74304 95514
166 59260
28834 77116
76596 97507
34844 80374
57751 36400
11309 98283
90192 71204
35065 6114
50331 44790
81629 87359
73938 138
92039 24019
99879 25759
76937 90150
46015 81171
51109 89498
97338 72695
89086 76601
73929 34194
7047 79195
89155 52078
32260 290
17290 75418
2751 37353
62223 17023
34076 31190
4477 4792
12085 29400
51543 40273
11711 76564
66850 97432
85415 67894
41642 28837
96245 5443
12701 92008
31434 18293
50607 13748
6525 99767
58030 50006
95712 74433
13750 44634
78078 79374
79360 95202
12718 32775
67261 93104
15773 94409
52305 14742
48731 30312
704 18195
60345 59705
15902 86087
59270 80033
18561 49582
9265 49966
16881 13804
41712 86062
90873 51222
93200 89213
72982 59538
33771 67429
62085 19217
97308 46215
27374 50932
85777 26066
51622 96256
91981 54274
29480 81799
2772 94418
61971 80094
10306 34101
12963 96467
80918 50629
52057 25422
87342 34902
89182 11341
6631 82208
96814 5751
64562 16715
7208 40481
93084 77117
59736 31225
91156 7466
98809 78202
3378 43605
53587 37327
16891 87939
93988 36663
36159 44207
46853 79149
28740 78497
14488 8617
65645 74504
65239 86518
83994 73569
20362 90
71766 75894
54140 81298
88449 22781
43524 29138
65036 85737
71897 16789
65639 71449
63586 52381
48166 30100
92369 24870
32856 40316
96000 64279
34913 84787
23479 67363
72608 91561
95047 78887
17979 41929
2285 69092
79691 20277
37533 9111
21326 11327
22752 93901
85658 17539
62461 23680
28229 42909
16355 26413
49966 71970
68532 67299
28667 78863
16554 18052
90676 61262
80802 71761
1366 26971
13050 94890
97626 81058
71553 75756
75507 63278
99550 47087
11335 91039
60867 1260
79874 89654
88377 57099
39682 65291
31877 84122
27037 45130
73161 22030
45295 72663
58968 51757
92937 76623
83681 43135
16884 56056
63974 30593
87867 4898
15952 75856
90068 56696
8826 34062
98165 39305
37306 50259
86868 83958
36994 94541
67345 58895
62024 31870
67039 23992
20729 92198
68510 59783
37505 6853
45278 70678
3300 32092
44185 24682
71179 49624
47927 75124
49778 70765
13042 26926
71348 59347
85832 92045
88563 57489
98209 92795
92687 42618
32754 4444
12251 35849
86723 19068
36156 91541
84337 82921
46741 98921
51895 99178
17255 23597
838 98356
25052 1445
83054 27700
46916 12288
57890 92335
33795 46336
84214 89511
1663 60281
13785 89228
94605 64597
44147 27239
11644 80263
7200 37766
63136 4247
89290 36823
64928 77209
42279 94223
37640 31270
68541 83169
43331 4541
57291 23715
25168 2261
7887 23420
48326 55931
39017 19000
69930 98495
7121 71140
26179 33406
33942 8823
37729 56238
16356 12898
28193 22863
27749 91417
46846 82375
56999 39373
63787 34890
33087 42695
65980 76735
79454 61528
96516 22359
49592 32291
1004 88460
26239 17968
3427 75913
75724 18061
3049 37263
47216 93867
65818 40473
73435 57550
7162 6223
17629 95567
3833 46184
66681 5178
97136 48981
68725 4625
98048 32571
32035 88181
38733 41268
1744 48180
34130 25748
66783 90315
29674 6715
77923 73265
60763 59898
11115 39198
86918 76501
21703 3624
50044 36065
45276 58732
91915 94972
43991 38896
67455 20003
13934 28325
61189 66396
74154 40876
86461 64440
97088 97642
7268 46836
70075 52053
26884 35728
64640 20631
74303 85842
8544 90389
9703 62219
42986 31143
67910 31497
66107 23214
86439 1842
95678 57934
36201 82289
6217 9645
42449 17850
60465 6165
77194 73629
5513 23797
62191 77676
79960 61724
24730 58849
58503 85630
37675 83003
56045 90135
54607 60694
97343 54423
98641 96101
57718 99196
83893 81134
2735 77362
11019 53107
61461 28905
41094 64629
70297 322
31980 11156
56106 94692
11361 96499
25578 23254
62382 11646
50003 69010
12619 3699
18528 43924
27709 32421
60831 67100
4393 43200
57783 37424
95590 79183
44498 48142
84007 77141
69545 2279
46157 9530
19042 9892
52238 93075
41095 4018
79891 10329
19796 13423
17073 2286
67977 92777
71584 96355
85592 7810
28932 36273
19970 96950
47448 97962
34020 25342
24808 90483
21567 87017
34567 86808
50698 59099
49419 34516
94135 52204
15132 74275
49934 58117
6707 76799
74780 64832
94576 85543
11709 79838
78916 83332
21090 14487
85819 80063
31793 36474
41304 91809
45910 29955
90675 18645
71782 10875
87910 55015
23100 35927
76612 2711
15510 52252
61209 96160
74393 12807
64534 16195
33323 88116
2806 5715
61713 4796
47028 94682
98061 15343
57887 95229
97399 11827
87251 86093
51587 37747
98715 25568
94416 51353
37770 77210
50668 6558
58110 69366
35029 41089
8238 44272
98793 43341
10868 37344
80791 76684
29971 22578
31370 82110
68192 46319
92550 41862
59937 40435
59931 80747
99516 60865
43812 40891
81917 20097
32820 12153
53171 52201
78670 62614
81730 31612
44365 79268
58931 6674
64659 6260
87714 1467
10152 6588
3234 46145
90291 7880
56667 16999
80038 86553
99650 70263
58219 16178
11115 85181
52067 29717
53048 35169
98171 15950
62518 21918
46568 69870
71205 86091
54726 35732
3553 11986
14396 12872
16477 97140
96202 43811
98831 52376
14922 54587
76239 63131
70685 47270
69400 23501
90217 85399
27188 9974
94641 22334
56759 59491
25434 88449
7742 20678
97239 57185
52025 32808
42487 39892
84471 33933
65947 40875
15194 51880
76711 43151
74558 63926
21914 33824
25857 3520
99403 69014
99935 51612
69390 76268
26628 86863
26260 70502
12693 47773
19226 10756
34272 81640
39940 95888
90709 60602
25668 31577
99070 11872
73674 9486
97253 6407
84344 81341
89779 10881
97341 76868
12941 83424
43999 46096
97846 76286
85395 28193
69626 9572
35713 20626
13331 73430
81593 94101
24979 1261
64624 82937
56746 40412
39586 19299
69028 85326
56158 13682
23249 44899
55142 76776
95069 83108
48926 22838
36655 83888
70279 40533
54475 14332
30137 48900
34783 62645
76860 239
74216 89130
51419 58842
72586 5006
13940 20882
45895 39575
57700 12515
48075 87462
33347 96821
95368 93611
32070 69733
